Time(s);RTF
0.00;0.00
0.10;1.26
0.20;0.91
0.30;0.85
0.40;1.35
0.50;0.94
0.60;1.25
0.70;1.05
0.80;0.95
0.90;1.03
1.00;0.61
1.10;3.21
1.20;0.99
1.30;0.99
1.40;1.00
1.50;0.74
1.60;0.90
1.70;1.16
1.80;1.68
1.90;0.59
2.00;1.90
2.10;0.97
2.20;1.22
2.30;0.98
2.40;0.98
2.50;0.63
2.60;2.39
2.70;0.67
2.80;2.58
2.90;0.51
3.00;3.91
3.10;0.80
3.20;1.89
3.30;0.90
3.40;0.62
3.50;2.72
3.60;1.25
3.70;0.85
3.80;0.96
3.90;1.04
4.00;0.95
4.10;1.07
4.20;0.87
4.30;0.67
4.40;2.20
4.50;0.92
4.60;0.84
4.70;0.99
4.80;0.99
4.90;1.58
5.00;1.00
5.10;0.76
5.20;1.14
5.30;1.27
5.40;0.94
5.50;1.02
5.60;1.12
5.70;0.92
5.80;1.02
5.90;1.01
6.00;0.94
6.10;1.04
6.20;0.97
6.30;0.98
6.40;0.63
6.50;2.85
6.60;1.01
6.70;0.99
6.80;0.97
6.90;1.05
7.00;0.95
7.10;1.01
7.20;0.99
7.30;1.05
7.40;0.93
7.50;1.11
7.60;0.95
7.70;1.06
7.80;0.66
7.90;2.46
8.00;0.86
8.10;1.01
8.20;1.06
8.30;1.00
8.40;1.01
8.50;0.96
8.60;1.04
8.70;0.97
8.80;1.02
8.90;1.04
9.00;0.94
9.10;1.03
9.20;1.02
9.30;0.97
9.40;1.04
9.50;0.94
9.60;1.04
9.70;0.99
9.80;1.00
9.90;0.99
10.00;0.99
10.10;1.01
10.20;1.02
10.30;0.98
10.40;1.01
10.50;1.00
10.60;1.02
10.70;0.99
10.80;1.00
10.90;0.98
11.00;1.01
11.10;1.04
11.20;0.98
11.30;1.03
11.40;0.97
11.50;0.96
11.60;1.04
11.70;0.96
11.80;1.05
11.90;1.00
12.00;0.96
12.10;1.00
12.20;1.06
12.30;0.97
12.40;1.05
12.50;0.96
12.60;1.00
12.70;1.03
12.80;0.97
12.90;1.04
13.00;0.92
13.10;1.01
13.20;1.17
13.30;0.98
13.40;0.91
13.50;0.99
13.60;1.03
13.70;1.00
13.80;1.01
13.90;0.99
14.00;1.00
14.10;1.01
14.20;0.96
14.30;0.99
14.40;1.08
14.50;0.97
14.60;0.97
14.70;1.05
14.80;0.97
14.90;1.02
15.00;1.01
15.10;0.94
15.20;1.10
15.30;0.94
15.40;1.04
15.50;0.93
15.60;1.05
15.70;1.00
15.80;1.04
15.90;0.94
16.00;1.03
16.10;0.97
16.20;1.06
16.30;0.98
16.40;1.01
16.50;1.01
16.60;0.97
16.70;1.02
16.80;0.99
16.90;0.98
17.00;1.00
17.10;1.03
17.20;1.02
17.30;0.95
17.40;1.03
17.50;0.97
17.60;1.02
17.70;1.02
17.80;0.96
17.90;0.99
18.00;1.03
18.10;1.00
18.20;1.03
18.30;1.00
18.40;0.96
18.50;0.98
18.60;1.10
18.70;0.97
18.80;1.06
18.90;0.98
19.00;0.95
19.10;1.03
19.20;1.01
19.30;0.96
19.40;1.01
19.50;0.95
19.60;1.07
19.70;1.00
19.80;0.99
19.90;0.99
20.00;0.57
20.10;3.26
20.20;0.81
20.30;0.86
20.40;1.29
20.50;1.06
20.60;1.37
20.70;0.91
20.80;0.95
20.90;0.91
21.00;0.84
21.10;0.98
21.20;1.25
21.30;0.68
21.40;2.57
21.50;1.02
21.60;1.04
21.70;0.84
21.80;0.80
21.90;1.07
22.00;1.28
22.10;1.30
22.20;0.91
22.30;1.05
22.40;0.99
22.50;0.92
22.60;1.03
22.70;1.07
22.80;0.53
22.90;4.18
23.00;0.83
23.10;1.68
23.20;0.93
23.30;0.97
23.40;0.71
23.50;1.08
23.60;1.05
23.70;1.63
23.80;0.89
23.90;1.04
24.00;0.99
24.10;0.98
24.20;1.02
24.30;1.00
24.40;0.90
24.50;0.84
24.60;1.29
24.70;0.75
24.80;1.26
24.90;0.85
25.00;1.83
25.10;0.88
25.20;0.89
25.30;1.21
25.40;0.77
25.50;1.21
25.60;0.79
25.70;1.17
25.80;0.92
25.90;1.30
26.00;1.23
26.10;0.66
26.20;1.61
26.30;0.83
26.40;1.26
26.50;0.66
26.60;1.70
26.70;1.26
26.80;0.94
26.90;1.04
27.00;1.00
27.10;0.85
27.20;1.19
27.30;0.85
27.40;0.66
27.50;2.19
27.60;1.24
27.70;0.98
27.80;1.02
27.90;0.94
28.00;1.02
28.10;1.00
28.20;0.86
28.30;0.88
28.40;0.87
28.50;1.21
28.60;1.06
28.70;1.46
28.80;0.92
28.90;0.99
29.00;0.57
29.10;3.84
29.20;0.91
29.30;1.22
29.40;0.96
29.50;0.98
29.60;1.09
29.70;0.93
29.80;0.87
29.90;0.78
30.00;1.28
30.10;0.93
30.20;1.63
30.30;0.75
30.40;0.94
30.50;1.70
30.60;0.81
30.70;0.98
30.80;1.13
30.90;0.84
31.00;0.83
31.10;1.41
31.20;1.07
31.30;1.08
31.40;0.99
31.50;1.03
31.60;1.00
31.70;0.97
31.80;0.67
31.90;2.09
32.00;0.64
32.10;3.44
32.20;0.86
32.30;1.03
32.40;0.98
32.50;0.62
32.60;2.61
32.70;0.97
32.80;0.80
32.90;0.81
33.00;1.41
33.10;1.06
33.20;1.36
33.30;0.79
33.40;0.72
33.50;3.33
33.60;0.79
33.70;1.16
33.80;1.02
33.90;0.63
34.00;2.12
34.10;1.04
34.20;0.55
34.30;4.66
34.40;0.82
34.50;0.83
34.60;1.66
34.70;1.02
34.80;0.99
34.90;1.04
35.00;0.96
35.10;1.01
35.20;1.05
35.30;0.95
35.40;1.02
35.50;0.96
35.60;1.04
35.70;1.02
35.80;0.92
35.90;0.75
36.00;1.86
36.10;0.91
36.20;0.77
36.30;0.97
36.40;1.25
36.50;1.18
36.60;0.99
36.70;0.84
36.80;0.92
36.90;1.50
37.00;0.87
37.10;1.13
37.20;1.01
37.30;0.99
37.40;1.02
37.50;0.98
37.60;1.00
37.70;0.99
37.80;0.98
37.90;1.07
38.00;0.95
38.10;1.02
38.20;1.01
38.30;0.99
38.40;1.02
38.50;0.94
38.60;1.05
38.70;1.04
38.80;0.96
38.90;1.03
39.00;0.95
39.10;1.02
39.20;1.03
39.30;0.93
39.40;1.03
39.50;1.03
39.60;1.00
39.70;0.99
39.80;1.01
39.90;0.99
40.00;0.99
40.10;0.42
40.20;10.42
40.30;2.58
40.40;0.86
40.50;1.07
40.60;1.00
40.70;0.94
40.80;0.98
40.90;1.04
41.00;0.94
41.10;1.11
41.20;0.98
41.30;1.06
41.40;0.94
41.50;1.02
41.60;0.96
41.70;1.00
41.80;1.04
41.90;0.98
42.00;0.97
42.10;1.02
42.20;1.02
42.30;0.98
42.40;1.02
42.50;1.01
42.60;0.99
42.70;0.98
42.80;0.99
42.90;1.02
43.00;1.01
43.10;0.96
43.20;1.06
43.30;0.98
43.40;1.02
43.50;0.89
43.60;1.14
43.70;0.99
43.80;1.00
43.90;1.00
44.00;1.03
44.10;0.96
44.20;1.03
44.30;0.99
44.40;0.98
44.50;1.04
44.60;0.95
44.70;1.07
44.80;0.95
44.90;1.01
45.00;1.04
45.10;0.96
45.20;1.01
45.30;0.99
45.40;0.95
45.50;1.10
45.60;0.93
45.70;1.03
45.80;0.97
45.90;0.99
46.00;1.03
46.10;0.98
46.20;0.99
46.30;1.04
46.40;0.93
46.50;1.05
46.60;0.99
46.70;1.06
46.80;0.95
46.90;1.04
47.00;0.94
47.10;1.05
47.20;1.08
47.30;0.90
47.40;1.03
47.50;1.01
47.60;0.99
47.70;0.98
47.80;1.05
47.90;0.98
48.00;1.01
48.10;0.98
48.20;1.02
48.30;1.02
48.40;0.97
48.50;0.97
48.60;1.10
48.70;1.17
48.80;1.10
48.90;1.01
49.00;0.99
49.10;1.01
49.20;0.99
49.30;1.01
49.40;0.99
49.50;0.97
49.60;1.04
49.70;1.00
49.80;1.00
49.90;1.00
50.00;0.98
50.10;1.00
50.20;1.01
50.30;0.99
50.40;1.00
50.50;1.00
50.60;0.99
50.70;1.02
50.80;1.00
50.90;1.00
51.00;1.02
51.10;1.00
51.20;0.99
51.30;1.00
51.40;0.99
51.50;1.00
51.60;1.01
51.70;0.97
51.80;1.05
51.90;1.00
52.00;0.98
52.10;0.99
52.20;1.00
52.30;1.00
52.40;1.02
52.50;1.01
52.60;0.99
52.70;1.01
52.80;0.98
52.90;1.00
53.00;1.00
53.10;1.01
53.20;0.99
53.30;1.00
53.40;1.01
53.50;1.02
53.60;1.00
53.70;1.00
53.80;0.98
53.90;1.02
54.00;0.99
54.10;0.98
54.20;1.03
54.30;0.99
54.40;1.00
54.50;0.96
54.60;1.06
54.70;1.00
54.80;0.98
54.90;0.99
55.00;0.98
55.10;1.04
55.20;0.98
55.30;1.01
55.40;1.01
55.50;0.98
55.60;1.01
55.70;0.99
55.80;1.00
55.90;1.01
56.00;1.01
56.10;1.00
56.20;1.00
56.30;1.00
56.40;0.99
56.50;0.99
56.60;1.01
56.70;0.98
56.80;1.04
56.90;1.00
57.00;0.99
57.10;1.02
57.20;1.00
57.30;0.99
57.40;1.00
57.50;1.01
57.60;0.99
57.70;1.01
57.80;0.98
57.90;1.01
58.00;1.01
58.10;1.01
58.20;1.00
58.30;1.00
58.40;1.00
58.50;1.00
58.60;0.97
58.70;1.02
58.80;0.99
58.90;1.00
59.00;1.00
59.10;1.01
59.20;0.99
59.30;1.00
59.40;0.99
59.50;1.02
59.60;1.00
59.70;1.00
59.80;0.99
59.90;1.00
60.00;0.99
60.10;1.03
60.20;0.99
60.30;1.01
60.40;1.01
60.50;0.99
60.60;0.99
60.70;1.00
60.80;1.00
60.90;0.99
61.00;1.00
61.10;1.01
61.20;0.99
61.30;1.01
61.40;1.00
61.50;1.00
61.60;0.99
61.70;1.01
61.80;0.98
61.90;0.99
62.00;1.01
62.10;1.00
62.20;1.02
62.30;1.00
62.40;0.99
62.50;1.01
62.60;1.00
62.70;0.98
62.80;1.00
62.90;1.01
63.00;1.01
63.10;1.00
63.20;1.01
63.30;0.98
63.40;1.01
63.50;1.02
63.60;1.00
63.70;0.99
63.80;1.01
63.90;0.99
64.00;0.98
64.10;1.00
64.20;0.99
64.30;1.00
64.40;1.01
64.50;1.02
64.60;1.01
64.70;0.99
64.80;1.00
64.90;0.99
65.00;1.01
65.10;0.99
65.20;0.99
65.30;1.03
65.40;0.98
65.50;1.03
65.60;0.97
65.70;1.00
65.80;1.01
65.90;1.01
66.00;1.00
66.10;0.99
66.20;0.98
66.30;1.00
66.40;1.03
66.50;0.99
66.60;1.01
66.70;1.00
66.80;1.00
66.90;1.00
67.00;0.99
67.10;1.01
67.20;0.99
67.30;1.00
67.40;1.01
67.50;1.00
67.60;0.98
67.70;1.02
67.80;1.00
67.90;0.99
68.00;1.00
68.10;1.01
68.20;0.99
68.30;0.99
68.40;1.01
68.50;1.01
68.60;0.99
68.70;1.00
68.80;0.99
68.90;1.00
69.00;0.99
69.10;0.99
69.20;1.01
69.30;1.01
69.40;0.99
69.50;1.01
69.60;1.00
69.70;1.00
69.80;0.99
69.90;1.01
70.00;1.00
70.10;1.01
70.20;1.02
70.30;0.99
70.40;0.98
70.50;1.02
70.60;1.00
70.70;1.00
70.80;1.00
70.90;1.00
71.00;0.99
71.10;1.01
71.20;0.99
71.30;1.01
71.40;0.99
71.50;1.01
71.60;0.99
71.70;1.00
71.80;0.99
71.90;1.02
72.00;0.99
72.10;1.01
72.20;1.00
72.30;1.00
72.40;1.00
72.50;0.98
72.60;1.01
72.70;0.99
72.80;1.00
72.90;1.01
73.00;0.99
73.10;1.01
73.20;0.99
73.30;1.00
73.40;1.02
73.50;1.01
73.60;0.98
73.70;1.01
73.80;1.00
73.90;0.98
74.00;1.00
74.10;1.01
74.20;1.01
74.30;1.00
74.40;1.00
74.50;1.00
74.60;1.00
74.70;0.99
74.80;1.00
74.90;1.01
75.00;1.00
75.10;0.99
75.20;1.01
75.30;0.99
75.40;1.00
75.50;1.00
75.60;1.00
75.70;0.98
75.80;1.01
75.90;1.02
76.00;0.98
76.10;1.01
76.20;1.00
76.30;1.01
76.40;1.00
76.50;0.99
76.60;0.98
76.70;1.03
76.80;0.98
76.90;1.01
77.00;1.00
77.10;1.00
77.20;1.00
77.30;1.00
77.40;1.00
77.50;0.99
77.60;1.01
77.70;0.99
77.80;1.01
77.90;1.01
78.00;0.99
78.10;1.00
78.20;1.00
78.30;1.00
78.40;1.01
78.50;0.97
78.60;1.01
78.70;0.99
78.80;1.03
78.90;0.99
79.00;0.99
79.10;1.02
79.20;0.99
79.30;1.00
79.40;1.01
79.50;1.00
79.60;1.00
79.70;1.01
79.80;1.00
79.90;0.98
80.00;1.01
80.10;0.99
80.20;1.01
80.30;1.01
80.40;0.99
80.50;0.99
80.60;1.00
80.70;1.01
80.80;1.00
80.90;0.99
81.00;1.03
81.10;1.00
81.20;0.98
81.30;1.00
81.40;1.01
81.50;1.01
81.60;1.00
81.70;1.00
81.80;1.01
81.90;0.99
82.00;1.00
82.10;0.99
82.20;1.00
82.30;1.01
82.40;1.01
82.50;1.00
82.60;1.00
82.70;0.99
82.80;0.99
82.90;1.03
83.00;0.98
83.10;1.02
83.20;0.98
83.30;1.00
83.40;1.01
83.50;0.99
83.60;1.02
83.70;0.98
83.80;1.01
83.90;0.99
84.00;1.00
84.10;1.01
84.20;0.98
84.30;1.02
84.40;0.99
84.50;1.02
84.60;0.99
84.70;0.99
84.80;0.92
84.90;1.08
85.00;1.01
85.10;0.99
85.20;0.99
85.30;1.03
85.40;0.99
85.50;0.99
85.60;1.00
85.70;1.00
85.80;1.02
85.90;0.99
86.00;1.02
86.10;1.01
86.20;0.99
86.30;1.00
86.40;0.97
86.50;1.02
86.60;1.02
86.70;0.97
86.80;1.04
86.90;1.00
87.00;0.99
87.10;0.99
87.20;1.00
87.30;1.00
87.40;1.01
87.50;1.00
87.60;1.00
87.70;1.00
87.80;1.00
87.90;0.98
88.00;1.00
88.10;0.99
88.20;1.03
88.30;0.97
88.40;1.01
88.50;0.97
88.60;1.06
88.70;0.99
88.80;1.00
88.90;0.96
89.00;0.96
89.10;1.06
89.20;1.02
89.30;0.90
89.40;0.99
89.50;1.13
89.60;0.98
89.70;1.02
89.80;1.01
89.90;1.00
90.00;0.99
90.10;1.01
90.20;1.00
90.30;0.98
90.40;1.01
90.50;1.00
90.60;0.99
90.70;0.99
90.80;1.02
90.90;0.99
91.00;0.98
91.10;1.02
91.20;1.00
91.30;1.01
91.40;1.00
91.50;1.01
91.60;1.00
91.70;0.99
91.80;1.01
91.90;0.99
92.00;0.99
92.10;1.03
92.20;0.98
92.30;1.01
92.40;1.01
92.50;1.00
92.60;0.99
92.70;1.00
92.80;1.00
92.90;0.99
93.00;0.99
93.10;1.01
93.20;1.02
93.30;1.00
93.40;1.00
93.50;0.99
93.60;1.02
93.70;0.98
93.80;1.02
93.90;0.98
94.00;1.01
94.10;1.01
94.20;0.99
94.30;1.01
94.40;0.99
94.50;1.01
94.60;1.00
94.70;1.01
94.80;1.00
94.90;1.00
95.00;0.99
95.10;1.01
95.20;1.00
95.30;1.01
95.40;0.99
95.50;1.01
95.60;0.96
95.70;1.02
95.80;1.00
95.90;1.01
96.00;0.98
96.10;1.01
96.20;1.00
96.30;0.99
96.40;1.00
96.50;1.00
96.60;1.01
96.70;1.00
96.80;0.99
96.90;0.99
97.00;1.00
97.10;0.99
97.20;1.03
97.30;0.98
97.40;1.02
97.50;1.00
97.60;1.00
97.70;0.98
97.80;1.02
97.90;1.01
98.00;1.00
98.10;1.00
98.20;1.00
98.30;0.99
98.40;1.01
98.50;0.98
98.60;1.02
98.70;1.02
98.80;1.00
98.90;0.99
99.00;0.99
99.10;1.00
99.20;1.00
99.30;1.01
99.40;1.00
99.50;1.00
99.60;0.99
99.70;1.01
99.80;1.00
99.90;0.99
100.00;0.98
100.10;1.04
100.20;1.00
100.30;0.99
100.40;1.00
100.50;1.01
100.60;1.00
100.70;1.00
100.80;0.99
100.90;0.99
101.00;1.02
101.10;0.98
101.20;1.01
101.30;1.01
101.40;1.00
101.50;1.00
101.60;1.00
101.70;1.00
101.80;1.00
101.90;1.00
102.00;1.00
102.10;1.00
102.20;1.00
102.30;1.00
102.40;0.98
102.50;0.99
102.60;1.01
102.70;0.98
102.80;1.02
102.90;0.99
103.00;1.00
103.10;1.00
103.20;0.99
103.30;1.00
103.40;1.02
103.50;0.99
103.60;0.99
103.70;1.01
103.80;1.00
103.90;0.98
104.00;1.00
104.10;1.02
104.20;1.00
104.30;0.99
104.40;1.01
104.50;0.98
104.60;1.01
104.70;0.96
104.80;1.04
104.90;1.02
105.00;0.99
105.10;0.99
105.20;1.02
105.30;1.01
105.40;1.00
105.50;1.00
105.60;0.99
105.70;1.00
105.80;1.00
105.90;1.00
106.00;0.99
106.10;1.01
106.20;1.00
106.30;1.00
106.40;1.00
106.50;0.98
106.60;1.02
106.70;0.99
106.80;1.01
106.90;0.99
107.00;1.00
107.10;1.01
107.20;0.99
107.30;1.00
107.40;1.00
107.50;1.01
107.60;1.00
107.70;1.00
107.80;1.00
107.90;0.99
108.00;0.99
108.10;1.03
108.20;1.00
108.30;0.99
108.40;1.01
108.50;1.00
108.60;1.00
108.70;0.99
108.80;0.99
108.90;1.00
109.00;1.00
109.10;1.00
109.20;1.00
109.30;1.00
109.40;1.00
109.50;1.00
109.60;1.01
109.70;0.99
109.80;0.98
109.90;1.02
110.00;0.98
110.10;1.03
110.20;1.00
110.30;0.99
110.40;1.01
110.50;0.98
110.60;1.02
110.70;0.99
110.80;0.99
110.90;1.01
111.00;1.02
111.10;1.00
111.20;1.00
111.30;0.99
111.40;1.00
111.50;1.00
111.60;1.01
111.70;1.01
111.80;1.01
111.90;0.98
112.00;0.99
112.10;1.02
112.20;0.99
112.30;1.02
112.40;0.99
112.50;1.02
112.60;0.99
112.70;1.01
112.80;0.99
112.90;0.99
113.00;0.99
113.10;1.01
113.20;1.02
113.30;1.01
113.40;0.97
113.50;1.04
113.60;0.99
113.70;0.98
113.80;1.00
113.90;1.01
114.00;0.99
114.10;1.01
114.20;0.99
114.30;1.00
114.40;1.00
114.50;1.01
114.60;1.00
114.70;1.02
114.80;0.98
114.90;1.00
115.00;0.99
115.10;1.00
115.20;1.01
115.30;1.01
115.40;1.00
115.50;0.99
115.60;1.01
115.70;0.99
115.80;1.01
115.90;1.01
116.00;0.99
116.10;1.02
116.20;0.98
116.30;0.99
116.40;1.02
116.50;1.00
116.60;0.99
116.70;1.02
116.80;1.01
116.90;1.00
117.00;1.00
117.10;0.99
117.20;1.01
117.30;0.99
117.40;1.01
117.50;1.00
117.60;1.00
117.70;0.99
117.80;1.00
117.90;0.99
118.00;1.01
118.10;1.01
118.20;1.00
118.30;1.00
118.40;1.00
118.50;1.00
118.60;1.00
118.70;1.00
118.80;0.96
118.90;1.04
119.00;0.99
119.10;0.98
119.20;1.01
119.30;1.02
119.40;0.99
119.50;1.01
119.60;1.00
119.70;1.02
119.80;0.99
119.90;0.99
